    11    11     1
Nonzero entries:
(0.25,0) (-1.23124e-62,1) (-6.15622e-63,2) (-3.34685e-62,3) (-1.23124e-62,4) (-5.38334e-63,5) (-4.39768e-63,6) (1.54577e-63,7) (-3.34685e-62,8) (-1.59614e-62,9) (-3.34685e-62,10) (-1.23124e-62,0) (0.242508,1) (-0.00374617,2) (-4.92498e-62,3) (-0.00749234,4) (-0.00361968,5) (0.0306515,6) (0.000252975,7) (-3.69373e-62,8) (0.000126488,9) (-6.15622e-62,10) (-6.15622e-63,0) (-0.00374617,1) (0.248127,2) (-2.46249e-62,3) (-0.00374617,4) (-0.00180984,5) (0.0153257,6) (0.000126488,7) (-1.84687e-62,8) (6.32438e-05,9) (-3.07811e-62,10) (-3.34685e-62,0) (-4.92498e-62,1) (-2.46249e-62,2) (0.25,3) (-4.92498e-62,4) (-2.15334e-62,5) (-1.75907e-62,6) (6.18308e-63,7) (-1.00406e-61,8) (-6.38455e-62,9) (-1.33874e-61,10) (-1.23124e-62,0) (-0.00749234,1) (-0.00374617,2) (-4.92498e-62,3) (0.242508,4) (-0.00361968,5) (0.0306515,6) (0.000252975,7) (-3.69373e-62,8) (0.000126488,9) (-6.15622e-62,10) (-5.38334e-63,0) (-0.00361968,1) (-0.00180984,2) (-2.15334e-62,3) (-0.00361968,4) (0.214891,5) (0.0148083,6) (-0.0665983,7) (-1.615e-62,8) (-0.0332992,9) (-2.69167e-62,10) (-4.39768e-63,0) (0.0306515,1) (0.0153257,2) (-1.75907e-62,3) (0.0306515,4) (0.0148083,5) (0.0109716,6) (-0.00103493,7) (-1.3193e-62,8) (-0.000517466,9) (-2.19884e-62,10) (1.54577e-63,0) (0.000252975,1) (0.000126488,2) (6.18308e-63,3) (0.000252975,4) (-0.0665983,5) (-0.00103493,6) (0.11655,7) (4.63731e-63,8) (-0.0667248,9) (7.72885e-63,10) (-3.34685e-62,0) (-3.69373e-62,1) (-1.84687e-62,2) (-1.00406e-61,3) (-3.69373e-62,4) (-1.615e-62,5) (-1.3193e-62,6) (4.63731e-63,7) (0.25,8) (-4.78841e-62,9) (-1.00406e-61,10) (-1.59614e-62,0) (0.000126488,1) (6.32438e-05,2) (-6.38455e-62,3) (0.000126488,4) (-0.0332992,5) (-0.000517466,6) (-0.0667248,7) (-4.78841e-62,8) (0.216638,9) (-7.98068e-62,10) (-3.34685e-62,0) (-6.15622e-62,1) (-3.07811e-62,2) (-1.33874e-61,3) (-6.15622e-62,4) (-2.69167e-62,5) (-2.19884e-62,6) (7.72885e-63,7) (-1.00406e-61,8) (-7.98068e-62,9) (0.25,10) 

Outer pointers:
0 11 22 33 44 55 66 77 88 99 110  $

0.25 -1.23124e-62 -6.15622e-63 -3.34685e-62 -1.23124e-62 -5.38334e-63 -4.39768e-63 1.54577e-63 -3.34685e-62 -1.59614e-62 -3.34685e-62 
-1.23124e-62 0.242508 -0.00374617 -4.92498e-62 -0.00749234 -0.00361968 0.0306515 0.000252975 -3.69373e-62 0.000126488 -6.15622e-62 
-6.15622e-63 -0.00374617 0.248127 -2.46249e-62 -0.00374617 -0.00180984 0.0153257 0.000126488 -1.84687e-62 6.32438e-05 -3.07811e-62 
-3.34685e-62 -4.92498e-62 -2.46249e-62 0.25 -4.92498e-62 -2.15334e-62 -1.75907e-62 6.18308e-63 -1.00406e-61 -6.38455e-62 -1.33874e-61 
-1.23124e-62 -0.00749234 -0.00374617 -4.92498e-62 0.242508 -0.00361968 0.0306515 0.000252975 -3.69373e-62 0.000126488 -6.15622e-62 
-5.38334e-63 -0.00361968 -0.00180984 -2.15334e-62 -0.00361968 0.214891 0.0148083 -0.0665983 -1.615e-62 -0.0332992 -2.69167e-62 
-4.39768e-63 0.0306515 0.0153257 -1.75907e-62 0.0306515 0.0148083 0.0109716 -0.00103493 -1.3193e-62 -0.000517466 -2.19884e-62 
1.54577e-63 0.000252975 0.000126488 6.18308e-63 0.000252975 -0.0665983 -0.00103493 0.11655 4.63731e-63 -0.0667248 7.72885e-63 
-3.34685e-62 -3.69373e-62 -1.84687e-62 -1.00406e-61 -3.69373e-62 -1.615e-62 -1.3193e-62 4.63731e-63 0.25 -4.78841e-62 -1.00406e-61 
-1.59614e-62 0.000126488 6.32438e-05 -6.38455e-62 0.000126488 -0.0332992 -0.000517466 -0.0667248 -4.78841e-62 0.216638 -7.98068e-62 
-3.34685e-62 -6.15622e-62 -3.07811e-62 -1.33874e-61 -6.15622e-62 -2.69167e-62 -2.19884e-62 7.72885e-63 -1.00406e-61 -7.98068e-62 0.25 
* row and column names
K_10
K_03
K_01
K_08
K_02
K_04
STAGE
K_05
K_09
K_06
K_07
