    11    11     1
Nonzero entries:
(0.25,0) (-2.5108e-63,1) (-1.2554e-63,2) (-8.36713e-63,3) (-2.5108e-63,4) (-6.43686e-64,5) (-1.68408e-63,6) (1.22343e-63,7) (-8.36713e-63,8) (-3.57185e-63,9) (-8.36713e-63,10) (-2.5108e-63,0) (0.22496,1) (-0.0125198,2) (-1.00432e-62,3) (-0.0250396,4) (-0.0111117,5) (0.0504377,6) (0.00281616,7) (-7.53239e-63,8) (0.00140808,9) (-1.2554e-62,10) (-1.2554e-63,0) (-0.0125198,1) (0.24374,2) (-5.02159e-63,3) (-0.0125198,4) (-0.00555585,5) (0.0252188,6) (0.00140808,7) (-3.7662e-63,8) (0.000704041,9) (-6.27699e-63,10) (-8.36713e-63,0) (-1.00432e-62,1) (-5.02159e-63,2) (0.25,3) (-1.00432e-62,4) (-2.57474e-63,5) (-6.73632e-63,6) (4.8937e-63,7) (-2.51014e-62,8) (-1.42874e-62,9) (-3.34685e-62,10) (-2.5108e-63,0) (-0.0250396,1) (-0.0125198,2) (-1.00432e-62,3) (0.22496,4) (-0.0111117,5) (0.0504377,6) (0.00281616,7) (-7.53239e-63,8) (0.00140808,9) (-1.2554e-62,10) (-6.43686e-64,0) (-0.0111117,1) (-0.00555585,2) (-2.57474e-63,3) (-0.0111117,4) (0.20679,5) (0.0223825,6) (-0.0753089,7) (-1.93106e-63,8) (-0.0376544,9) (-3.21843e-63,10) (-1.68408e-63,0) (0.0504377,1) (0.0252188,2) (-6.73632e-63,3) (0.0504377,4) (0.0223825,5) (0.0347703,6) (-0.00567266,7) (-5.05224e-63,8) (-0.00283633,9) (-8.42039e-63,10) (1.22343e-63,0) (0.00281616,1) (0.00140808,2) (4.8937e-63,3) (0.00281616,4) (-0.0753089,5) (-0.00567266,6) (0.0965661,7) (3.67028e-63,8) (-0.0767169,9) (6.11713e-63,10) (-8.36713e-63,0) (-7.53239e-63,1) (-3.7662e-63,2) (-2.51014e-62,3) (-7.53239e-63,4) (-1.93106e-63,5) (-5.05224e-63,6) (3.67028e-63,7) (0.25,8) (-1.07156e-62,9) (-2.51014e-62,10) (-3.57185e-63,0) (0.00140808,1) (0.000704041,2) (-1.42874e-62,3) (0.00140808,4) (-0.0376544,5) (-0.00283633,6) (-0.0767169,7) (-1.07156e-62,8) (0.211642,9) (-1.78593e-62,10) (-8.36713e-63,0) (-1.2554e-62,1) (-6.27699e-63,2) (-3.34685e-62,3) (-1.2554e-62,4) (-3.21843e-63,5) (-8.42039e-63,6) (6.11713e-63,7) (-2.51014e-62,8) (-1.78593e-62,9) (0.25,10) 

Outer pointers:
0 11 22 33 44 55 66 77 88 99 110  $

0.25 -2.5108e-63 -1.2554e-63 -8.36713e-63 -2.5108e-63 -6.43686e-64 -1.68408e-63 1.22343e-63 -8.36713e-63 -3.57185e-63 -8.36713e-63 
-2.5108e-63 0.22496 -0.0125198 -1.00432e-62 -0.0250396 -0.0111117 0.0504377 0.00281616 -7.53239e-63 0.00140808 -1.2554e-62 
-1.2554e-63 -0.0125198 0.24374 -5.02159e-63 -0.0125198 -0.00555585 0.0252188 0.00140808 -3.7662e-63 0.000704041 -6.27699e-63 
-8.36713e-63 -1.00432e-62 -5.02159e-63 0.25 -1.00432e-62 -2.57474e-63 -6.73632e-63 4.8937e-63 -2.51014e-62 -1.42874e-62 -3.34685e-62 
-2.5108e-63 -0.0250396 -0.0125198 -1.00432e-62 0.22496 -0.0111117 0.0504377 0.00281616 -7.53239e-63 0.00140808 -1.2554e-62 
-6.43686e-64 -0.0111117 -0.00555585 -2.57474e-63 -0.0111117 0.20679 0.0223825 -0.0753089 -1.93106e-63 -0.0376544 -3.21843e-63 
-1.68408e-63 0.0504377 0.0252188 -6.73632e-63 0.0504377 0.0223825 0.0347703 -0.00567266 -5.05224e-63 -0.00283633 -8.42039e-63 
1.22343e-63 0.00281616 0.00140808 4.8937e-63 0.00281616 -0.0753089 -0.00567266 0.0965661 3.67028e-63 -0.0767169 6.11713e-63 
-8.36713e-63 -7.53239e-63 -3.7662e-63 -2.51014e-62 -7.53239e-63 -1.93106e-63 -5.05224e-63 3.67028e-63 0.25 -1.07156e-62 -2.51014e-62 
-3.57185e-63 0.00140808 0.000704041 -1.42874e-62 0.00140808 -0.0376544 -0.00283633 -0.0767169 -1.07156e-62 0.211642 -1.78593e-62 
-8.36713e-63 -1.2554e-62 -6.27699e-63 -3.34685e-62 -1.2554e-62 -3.21843e-63 -8.42039e-63 6.11713e-63 -2.51014e-62 -1.78593e-62 0.25 
* row and column names
K_10
K_03
K_01
K_08
K_02
K_04
STAGE
K_05
K_09
K_06
K_07
