     9     9     1
        0.25 -3.34685e-62 -1.94051e-62 -5.34169e-63 -3.34685e-62 -3.08027e-63 -8.18837e-64 -8.18837e-64 -3.34685e-62
-3.34685e-62         0.25 -5.82153e-62 -1.60251e-62 -1.00406e-61  -9.2408e-63 -2.45651e-63 -2.45651e-63 -1.00406e-61
-1.94051e-62 -5.82153e-62     0.227961   -0.0440787 -9.70255e-62   -0.0254178  -0.00675689  -0.00675689 -1.35836e-61
-5.34169e-63 -1.60251e-62   -0.0440787     0.161843 -2.67085e-62   -0.0508356   -0.0135138   -0.0135138 -3.73919e-62
-3.34685e-62 -1.00406e-61 -9.70255e-62 -2.67085e-62         0.25 -1.54013e-62 -4.09418e-63 -4.09418e-63 -1.67343e-61
-3.08027e-63  -9.2408e-63   -0.0254178   -0.0508356 -1.54013e-62     0.199518   -0.0501281   -0.0501281 -2.15619e-62
-8.18837e-64 -2.45651e-63  -0.00675689   -0.0135138 -4.09418e-63   -0.0501281     0.163258   -0.0867424 -5.73186e-63
-8.18837e-64 -2.45651e-63  -0.00675689   -0.0135138 -4.09418e-63   -0.0501281   -0.0867424     0.163258 -5.73186e-63
-3.34685e-62 -1.00406e-61 -1.35836e-61 -3.73919e-62 -1.67343e-61 -2.15619e-62 -5.73186e-63 -5.73186e-63         0.25
* row and column names
K_10
K_09
K_06
K_05
K_08
K_04
K_02
K_03
K_07
